12.6573 -0.110359 -0.444036
-24.8799 -11.3033 5.94484
25.3378 0.134461 0.147202
-5.78522 10.0091 -1.22431
7.79034 -27.0128 -5.27993
-29.8547 -33.7657 -6.71537
39.8068 -14.4095 1.27914
-3.91933 -5.78226 7.2724
1.63528 30.6628 1.51581
-5.7 34.5012 -2.67486
2.29008 30.263 0.288303
-1.02451 34.6515 0
10.9296 -3.54676 0.550438
-11.4707 -11.469 3.84324
37.2776 0 0
0 0 0
-1.93841 6.43594 -25.7061
-23.9769 -3.3067 -27.7971
33.0157 0.476737 -14.0568
-1.70477 7.41693 -3
-40.9047 -39.0763 -31.9075
-99.9999 -99.9999 -99.9999
12.0185 -5.88823 -5.22547
-51.0005 -41.747 -47.9311
-0.000262928 26.8764 -5.7
-3 22.5206 -5.7
31.2571 0 0
-1.4303 29.4503 0
7.94543 -3.30397 -5.08074
-54.7035 -28.9315 -56.0846
31.2568 0 0
0 0 0
1.0312 1.05787 24.5444
-6.98947 0.139177 29.4877
35.4128 0.262852 1.36008
-1.84201 -0.988327 30.3721
0.521682 -7.93403 22.6608
-7.20615 -9.99999 26.1421
38.245 -2.99993 0.269299
-1.47173 -3.09909 26.0469
-0.0182074 0.670247 29.6198
-3 32.92 0
0 0 0
-1.30846 36.7024 0
0.0893072 0 31.9557
-3 -1.68432 25.1114
36.5427 0 0
0 0 0
0.213569 10.1959 -5.26763
-11.4707 2.42842 -12.7445
36.1149 0.317197 0
0 0 0
7.80672 -9.42788 -7.51983
-51.8583 -52.9292 -9.37855
28.6167 0 0
0 0 0
10.4671 0.0623066 0
-3 32.4035 0
30.5635 0 0
0 0 0
0 0 0
0 0 0
0 0 0
0 0 0
